27.92
1.62
35.51
11.04
12.04
2.36
1.6
4.35
8.51
3.95
14.74
10.63
6.45
5.92
9.53
3
2.43
12.96
8.2
8.58
0.47
25.83
10.29
4.71
1.34
0.47
8.47
2.14
5.13
4.81
4.89
0.31
9.47
4.17
6.35
1.15
0.8
7.64
9.38
25.7
0.55
5.17
0.61
4.15
3.16
17.06
14.01
21.32
15.61
14.93
7.66
1.1
1.12
0.42
2.76
3.14
22.25
1.18
5.31
0.82
9.2
10.42
16.48
9.17
13.35
11.07
9.58
8.36
0.87
25.02
8.35
4.31
4.3
3.85
21.59
1.52
21.6
11.98
8.26
25.58
9.43
24.94
4.97
13.51
6.07
13.49
10.33
10.62
12.76
55.75
2.04
4.77
7.89
1.54
1.81
12.65
0.46
7.88
13.67
7.7
6.06
14.35
0.22
0.75
1.92
6.14
4.85
12.7
2.39
8.82
4.13
2.01
0.76
2.23
2.8
3.48
15.02
9.48
9.45
2.89
16.6
8.15
5.97
11.32
11.12
51.58
2.68
1.14
5.15
5.12
1.43
21.87
15.48
37.75
2.03
32.12
0.36
8.6
4.03
3.6
18.21
24.45
2.07
18.59
8.48
15.45
0.94
4.16
10.57
3.81
22.59
3.99
1.97
2.79
9.4
3.97
9.74
0.04
2.23
5.67
6.64
19.27
0.29
20.17
24.96
11.36
3.83
7.84
5
1.35