17.36
1.46
0.65
2.78
19.65
29.54
2.72
11.36
1.18
3.81
18.75
6.02
0.27
7.23
28.2
8.64
4.17
10.19
17.49
10.27
20.89
20.25
21.67
1.71
4.67
1.37
5.71
0.31
2.79
36.11
0.85
16.86
8.22
1.25
0.84
25.36
7.74
0.44
17.71
5.94
0.96
7.11
0.78
0.18
5.7
3.04
1.29
24.83
3.05
14.17
5.89
32.07
8.78
6.69
0.05
14.29
7.95
13.65
4.49
0.5
4.67
3.99
13.6
2.12
10.06
9.36
0.01
13.89
10.14
19.04
20.63
8.64
10.48
3.67
7.56
15.22
5.92
4.36
5.51
6.39
8.87
26.52
0.5
0.23
17.03
0.93
26.62
1.03
0.13
14.76
5.38
6.83
4.22
9.93
2.47
2.23
1.81
3.58
8.54
2.87
13.6
3.31
6.77
2.06
2.87
0.66
17.12
23.55
4.2
8.88
7.13
18.86
2.42
29.47
5.73
4.3
4.31
7.4
13.49
14.24
0.57
0.58
1.44
5.71
0.71
0.21
19.56
3.74
0.5
2.27
1.78
3.77
3.47
1.92
3.95
5.02
0.37
7.47
22.47
0.44
0.46
6.21
5.07
8.26
3.68
6.94
0.46
1.71
7.97
7.4
13.56
3.38
6.89
1.37
22.38
4.79
12.55
24.37
2.47
2.08
6.24
28.38
7.81
8.72
0.88
21.79
13.64
22.46
8.35
6.92
0.64
4.14
7.02
18.53
14.38
10.01
11.89
4.58
16.95
10.53
12.57