16.91
8.97
7.32
1.76
1.34
8.1
14.97
5.65
7.46
43.57
0.98
0.68
26.51
2.04
2.41
6.52
1.43
6.34
5.3
11.59
3.44
13.97
2.53
27.08
27.17
11.04
9.21
0.7
1.72
15.52
1.05
10.71
0.21
3.49
1.99
16.43
1.97
1.37
3.56
5.75
0.09
1.27
15.43
11.22
0.85
15.64
4.44
2.71
33.91
6.78
1.85
0.48
2.49
7.42
30.8
1.51
9.61
12.4
2.28
3.23
2.68
22.3
9.16
15.94
1.5
4.07
7.67
5.8
5.76
6.99
0.3
0.65
2.1
16.14
11.2
6.31
11.16
7.16
22.02
3.72
15.53
6.34
0.67
1.84
9.83
16.1
3.52
4
8.48
8.56
8.74
5.8
16.34
2.88
14.44
33.67
7.76
21.87
25.5
3.97
17.11
2.63
18.9
20.75
0.65
7.18
8.44
1.72
24.8
11.48
9.61
9.38
0.32
0.92
13.94
1.49
2.72
1.05
6.14
6.48
10.32
4.32
2.26
11.88
38.22
13.19
5.94
7.98
1.91
10.57
8.88
1.35
3.9
3.45
3.77
17.44
0.37
4.94
17.55
2.34
0.99
3.27
1.11
27.82
11.33
16.05
21.29
21.2
0.11
5.42
14.49
17.98
2.42
19.71
9.78
8.99
2.89
1.68
2.26
16.56
2.33
7.41
3.78
1.28
0.58
7.44
3.33
4.09
4.89
14.09
10.06
22.47
7.02
9.34
0.04
1.14