1.48
3.92
16.07
6.18
30.61
0.53
2.87
0.68
31.88
1.06
9.08
8.71
3.56
12.5
10.97
4.97
3.23
4.12
9.46
4.47
2.95
9.44
14.92
6.05
3.07
7.03
15.71
1.81
10.06
10
2.01
12.57
6.16
22.53
5.36
0.29
5.23
19.41
3.98
10.4
8.53
4.38
14.88
10.38
0.55
12.34
2.69
1.12
7.62
9.92
18.27
12.18
11.53
11.48
4.78
2.23
9.1
2.73
0.73
4.51
17.61
8.28
18.08
18.35
1.47
2.78
3.49
1.32
3.01
0.66
13.74
3.21
1.2
4.15
0.51
4.61
3.49
0.89
4.33
25.78
3.33
5.21
2.97
0.32
13.6
5.75
3.46
0.79
4.91
8.4
2.16
6.42
1.41
3.82
13.71
7.55
8.16
10.62
6.84
1.75
2.59
0.76
0.54
4.39
4.28
15.97
8.49
10.88
0.11
23.31
1.06
2.17
6.75
4.25
7.35
0.91
4.25
0.95
15.86
0.9
10.2
17.88
7.89
0.37
21.33
12.7
31.71
0.55
20.97
7.87
2.46
0.83
8.04
1.78
1.9
14.39
8.5
0.53
14.52
6.51
12
6.67
1.04
11.9
2.17
1.21
0.01
14.46
2.02
13.49
20.29
17.13
18.74
5.81
2.73
24.13
40.5
7.46
5.48
7.09
1.02
12.49
13.14
4.31
37.2
4.58
7.62
6.22
36.36
8.56
6.68
6.17
8.42
1.44
1.61
1.85
0.57
3.34
5.89
1.27
6.65
27.68
7.33
4.41
0.41
14.53
0.89
1.88
4.67
3.16
2.27
12.86
15.57