action step xA yA dirA xB yB dirB
- 0 1 6 1 9 10 0
[Move] 1 1 5 0 9 9 0
[Move] 2 1 4 0 8 9 3
[Move] 3 2 4 1 9 9 1
[Move] 4 1 4 3 9 8 0
[Move] 5 1 3 0 8 8 3
[Move] 6 1 2 0 8 9 2
[Move] 7 2 2 1 8 8 0
[Move] 8 1 2 3 9 8 1
[Move] 9 2 2 1 8 8 3
[Move] 10 2 1 0 9 8 1
[Move] 11 3 1 1 10 8 1
[Move] 12 3 2 2 10 9 2
[Move] 13 2 2 3 10 8 0
[Move] 14 1 2 3 9 8 3
[Move] 15 1 1 0 9 9 2
[Move] 16 2 1 1 9 8 0
[Move] 17 2 2 2 10 8 1
[Move] 18 3 2 1 10 7 0
[Move] 19 3 1 0 9 7 3
[Move] 20 3 2 2 9 6 0
[Move] 21 4 2 1 8 6 3
[Move] 22 3 2 3 8 7 2
[Move] 23 3 1 0 9 7 1
[Move] 24 3 2 2 9 8 2
[Move] 25 3 1 0 8 8 3
[Move] 26 2 1 3 8 7 0
[Move] 27 3 1 1 7 7 3
[Move] 28 3 2 2 7 8 2
[Move] 29 2 2 3 7 7 0
[Move] 30 2 1 0 7 8 2
[Move] 31 3 1 1 6 8 3
[Move] 32 3 2 2 6 7 0
[Move] 33 3 1 0 7 7 1
[Move] 34 2 1 3 6 7 3
[Move] 35 1 1 3 6 6 0
[Move] 36 1 2 2 7 6 1
[Move] 37 1 3 2 7 7 2
[Move] 38 1 4 2 8 7 1
[Move] 39 2 4 1 8 8 2
[Move] 40 2 3 0 8 7 0
[Move] 41 1 3 3 7 7 3
[Move] 42 1 4 2 7 6 0
[Move] 43 1 3 0 8 6 1
[Move] 44 1 2 0 8 5 0
[Move] 45 1 3 2 8 4 0
[Move] 46 2 3 1 7 4 3
[Move] 47 2 2 0 7 5 2
[Move] 48 1 2 3 6 5 3
[Move] 49 2 2 1 5 5 3
[Move] 50 2 3 2 5 6 2
[Move] 51 2 2 0 6 6 1
[Move] 52 2 3 2 5 6 3
[Move] 53 3 3 1 6 6 1
[Move] 54 3 2 0 6 5 0
[Move] 55 3 1 0 6 4 0
[Move] 56 3 2 2 5 4 3
[Move] 57 4 2 1 5 5 2
[Move] 58 3 2 3 4 5 3
[Move] 59 4 2 1 4 6 2
[Move] 60 4 3 2 3 6 3
[Move] 61 3 3 3 3 7 2
[Move] 62 4 3 1 2 7 3
[Move] 63 4 4 2 2 8 2
[Move] 64 3 4 3 1 8 3
[Move] 65 3 5 2 1 7 0
[Move] 66 2 5 3 1 8 2
[Move] 67 1 5 3 1 9 2
[Move] 68 1 4 0 1 8 0
[Move] 69 1 5 2 1 9 2
[Move] 70 1 6 2 2 9 1
[Move] 71 1 5 0 2 8 0
[Move] 72 1 4 0 2 7 0
[Move] 73 2 4 1 3 7 1
[Move] 74 2 5 2 3 8 2
[Move] 75 2 4 0 2 8 3
[Move] 76 2 3 0 2 9 2
[Move] 77 3 3 1 3 9 1
[Move] 78 3 4 2 2 9 3
[Move] 79 2 4 3 2 10 2
[Move] 80 1 4 3 3 10 1
[Move] 81 1 3 0 4 10 1
[Move] 82 2 3 1 3 10 3
[Move] 83 3 3 1 4 10 1
[Move] 84 4 3 1 5 10 1
[Move] 85 3 3 3 4 10 3
[Move] 86 3 2 0 4 9 0
[Move] 87 3 3 2 5 9 1
[Move] 88 3 4 2 5 10 2
[Move] 89 4 4 1 6 10 1
[Move] 90 4 3 0 5 10 3
[Move] 91 4 4 2 5 9 0
[Move] 92 4 3 0 6 9 1
[Move] 93 4 4 2 7 9 1
[Move] 94 4 5 2 6 9 3
[Move] 95 4 4 0 7 9 1
[Move] 96 5 4 1 7 8 0
[Move] 97 4 4 3 7 7 0
[Move] 98 4 5 2 8 7 1
[Move] 99 4 6 2 8 8 2
[Move] 100 5 6 1 9 8 1
[Move] 101 4 6 3 9 9 2
[Move] 102 4 7 2 9 8 0
[Move] 103 5 7 1 9 7 0
[Move] 104 6 7 1 9 8 2
[Move] 105 6 6 0 9 9 2
[Move] 106 6 5 0 10 9 1
[Move] 107 6 6 2 10 10 2
[Move] 108 6 5 0 9 10 3
[Move] 109 5 5 3 9 9 0
[Move] 110 5 6 2 10 9 1
[Move] 111 5 5 0 10 8 0
[Move] 112 5 4 0 10 7 0
[Move] 113 4 4 3 9 7 3
[Move] 114 4 5 2 8 7 3
[Move] 115 4 6 2 7 7 3
[Move] 116 3 6 3 6 7 3
[Move] 117 3 7 2 6 8 2
[Move] 118 3 6 0 6 9 2
[Move] 119 4 6 1 5 9 3
[Move] 120 4 7 2 5 8 0
[Move] 121 4 8 2 5 9 2
[Move] 122 5 8 1 4 9 3
[Move] 123 6 8 1 4 8 0
[Move] 124 6 7 0 5 8 1
[Move] 125 5 7 3 5 9 2
[Move] 126 6 7 1 4 9 3
[Move] 127 7 7 1 4 8 0
[Move] 128 6 7 3 4 9 2
[Move] 129 6 8 2 5 9 1
[Move] 130 7 8 1 5 10 2
[Move] 131 7 9 2 6 10 1
[Move] 132 7 10 2 7 10 1
[Move] 133 6 10 3 7 9 0
[Move] 134 5 10 3 8 9 1
[Move] 135 4 10 3 7 9 3
[Move] 136 4 9 0 7 8 0
[Move] 137 4 8 0 6 8 3
[Move] 138 5 8 1 7 8 1
[Move] 139 5 7 0 6 8 3
[Move] 140 6 7 1 6 9 2
[Move] 141 6 6 0 5 9 3
[Move] 142 6 7 2 5 8 0
[Move] 143 6 6 0 6 8 1
[Move] 144 6 5 0 7 8 1
[Move] 145 7 5 1 6 8 3
[Move] 146 8 5 1 7 8 1
[Move] 147 7 5 3 7 9 2
[Move] 148 6 5 3 8 9 1
[Move] 149 5 5 3 8 8 0
[Move] 150 4 5 3 8 9 2
[Move] 151 4 4 0 7 9 3
[Move] 152 4 3 0 7 10 2
[Move] 153 4 2 0 7 9 0
[Move] 154 4 1 0 8 9 1
[Move] 155 5 1 1 9 9 1
[Move] 156 5 2 2 9 10 2
[Move] 157 5 1 0 8 10 3
[Move] 158 4 1 3 7 10 3
[Move] 159 4 2 2 6 10 3
[Move] 160 5 2 1 7 10 1
[Move] 161 6 2 1 8 10 1
[Move] 162 6 1 0 8 9 0
[Move] 163 7 1 1 9 9 1
[Move] 164 7 2 2 10 9 1
[Move] 165 6 2 3 10 10 2
[Move] 166 6 1 0 9 10 3
[Move] 167 6 2 2 8 10 3
[Move] 168 5 2 3 9 10 1
[Move] 169 5 3 2 10 10 1
[Move] 170 6 3 1 9 10 3
[Move] 171 5 3 3 8 10 3
[Move] 172 5 4 2 7 10 3
[Move] 173 5 3 0 7 9 0
[Move] 174 6 3 1 7 10 2
[Move] 175 5 3 3 8 10 1
[Move] 176 6 3 1 8 9 0
[Move] 177 6 4 2 8 10 2
[Move] 178 6 5 2 9 10 1
[Move] 179 6 4 0 9 9 0
[Move] 180 7 4 1 9 8 0
[Move] 181 7 5 2 9 9 2
[Move] 182 6 5 3 10 9 1
[Move] 183 5 5 3 10 10 2
[Move] 184 5 6 2 9 10 3
[Move] 185 6 6 1 9 9 0
[Move] 186 5 6 3 9 8 0
[Move] 187 4 6 3 10 8 1
[Move] 188 4 7 2 10 7 0
[Move] 189 3 7 3 9 7 3
[Move] 190 3 8 2 10 7 1
[Move] 191 2 8 3 10 8 2
[Move] 192 2 9 2 10 7 0
[Move] 193 2 8 0 10 6 0
[Move] 194 2 9 2 10 5 0
[Move] 195 3 9 1 9 5 3
[Move] 196 3 10 2 8 5 3
[Move] 197 2 10 3 8 6 2
[Move] 198 2 9 0 8 7 2
[Move] 199 2 8 0 7 7 3
[Move] 200 3 8 1 8 7 1
[Move] 201 4 8 1 8 6 0
[Move] 202 5 8 1 7 6 3
[Move] 203 6 8 1 6 6 3
[Move] 204 6 9 2 7 6 1
[Move] 205 6 10 2 6 6 3
[Move] 206 5 10 3 6 5 0
[Move] 207 6 10 1 5 5 3
[Move] 208 5 10 3 5 6 2
[Move] 209 6 10 1 4 6 3
[Move] 210 6 9 0 5 6 1
[Move] 211 7 9 1 4 6 3
[Move] 212 7 8 0 4 7 2
[Move] 213 6 8 3 3 7 3
[Move] 214 6 9 2 3 6 0
[Move] 215 6 10 2 2 6 3
[Move] 216 6 9 0 1 6 3
[Move] 217 6 8 0 1 7 2
[Move] 218 7 8 1 2 7 1
[Move] 219 7 7 0 2 6 0
[Move] 220 7 8 2 3 6 1
[Move] 221 7 7 0 3 5 0
[Move] 222 7 6 0 4 5 1
[Move] 223 7 7 2 5 5 1
[Move] 224 6 7 3 5 4 0
[Move] 225 7 7 1 5 5 2
[Move] 226 6 7 3 5 4 0
[Move] 227 6 6 0 6 4 1
[Move] 228 5 6 3 6 5 2
[Move] 229 5 5 0 5 5 3
[Move] 230 5 6 2 6 5 1
[Move] 231 6 6 1 6 4 0
[Move] 232 6 5 0 5 4 3
[Move] 233 7 5 1 6 4 1
[Move] 234 7 6 2 6 5 2
[Move] 235 8 6 1 6 4 0
[Move] 236 9 6 1 7 4 1
[Move] 237 10 6 1 7 3 0
[Move] 238 10 5 0 7 2 0
[Move] 239 10 4 0 8 2 1
[Move] 240 10 3 0 8 1 0
[Move] 241 9 3 3 7 1 3
[Move] 242 10 3 1 7 2 2
[Move] 243 10 4 2 7 1 0
[Move] 244 9 4 3 8 1 1
[Move] 245 10 4 1 8 2 2
[Move] 246 10 5 2 9 2 1
[Move] 247 10 4 0 8 2 3
[Move] 248 10 5 2 8 1 0
[Move] 249 9 5 3 9 1 1
[Move] 250 10 5 1 8 1 3
[Move] 251 9 5 3 8 2 2
[Move] 252 9 4 0 7 2 3
[Move] 253 9 3 0 8 2 1
[Move] 254 9 2 0 8 3 2
[Move] 255 8 2 3 9 3 1
[Move] 256 8 3 2 10 3 1
[Move] 257 9 3 1 10 2 0
[Move] 258 8 3 3 9 2 3
[Move] 259 7 3 3 8 2 3
[Move] 260 6 3 3 8 3 2
[Move] 261 6 4 2 8 2 0
[Move] 262 6 3 0 9 2 1
[Move] 263 7 3 1 8 2 3
[Move] 264 6 3 3 9 2 1
[Move] 265 5 3 3 10 2 1
[Move] 266 6 3 1 9 2 3
[Move] 267 6 4 2 9 3 2
[Move] 268 5 4 3 9 2 0
[Move] 269 5 5 2 10 2 1
[Move] 270 6 5 1 10 1 0
[Move] 271 6 6 2 9 1 3
[Move] 272 6 7 2 8 1 3
[Move] 273 6 8 2 8 2 2
[Move] 274 7 8 1 8 3 2
[Move] 275 7 9 2 8 2 0
[Move] 276 7 10 2 9 2 1
[Move] 277 7 9 0 10 2 1
[Move] 278 7 10 2 10 3 2
[Move] 279 6 10 3 9 3 3
[Move] 280 5 10 3 9 4 2
[Move] 281 5 9 0 10 4 1
[Move] 282 4 9 3 10 3 0
[Move] 283 3 9 3 9 3 3
[Move] 284 3 8 0 9 2 0
[Move] 285 4 8 1 8 2 3
[Move] 286 3 8 3 8 3 2
[Move] 287 3 9 2 7 3 3
[Move] 288 2 9 3 6 3 3
[Move] 289 2 8 0 6 2 0
[Move] 290 2 9 2 5 2 3
[Move] 291 2 8 0 5 1 0
[Move] 292 3 8 1 4 1 3
[Move] 293 4 8 1 3 1 3
[Move] 294 3 8 3 2 1 3
[Move] 295 4 8 1 1 1 3
[Move] 296 4 7 0 1 2 2
[Move] 297 4 8 2 2 2 1
[Move] 298 3 8 3 2 3 2
[Move] 299 2 8 3 3 3 1
[Move] 300 3 8 1 3 4 2
[Move] 301 2 8 3 2 4 3
[Move] 302 3 8 1 1 4 3
[Move] 303 3 7 0 1 3 0
[Move] 304 4 7 1 1 4 2
[Move] 305 3 7 3 1 3 0
[Move] 306 4 7 1 1 2 0
[Move] 307 4 8 2 1 1 0
[Move] 308 5 8 1 1 2 2
[Move] 309 6 8 1 1 3 2
[Move] 310 6 9 2 2 3 1
[Move] 311 6 8 0 2 4 2
[Move] 312 5 8 3 1 4 3
[Move] 313 5 9 2 2 4 1
[Move] 314 4 9 3 2 5 2
[Move] 315 4 8 0 2 6 2
[Move] 316 3 8 3 2 7 2
[Move] 317 3 9 2 1 7 3
[Move] 318 2 9 3 1 6 0
[Move] 319 2 8 0 1 5 0
[Move] 320 1 8 3 2 5 1
[Move] 321 1 7 0 3 5 1
[Move] 322 1 6 0 3 6 2
[Move] 323 2 6 1 3 5 0
[Move] 324 2 7 2 3 4 0
[Move] 325 1 7 3 2 4 3
[Move] 326 1 8 2 2 5 2
[Move] 327 1 9 2 3 5 1
[Move] 328 1 8 0 3 6 2
[Move] 329 2 8 1 3 7 2
[Move] 330 1 8 3 3 8 2
[Move] 331 1 9 2 3 7 0
[Move] 332 1 10 2 3 8 2
[Move] 333 2 10 1 3 7 0
[Move] 334 2 9 0 2 7 3
[Move] 335 2 8 0 2 6 0
[Move] 336 2 9 2 3 6 1
[Move] 337 3 9 1 2 6 3
[Move] 338 4 9 1 1 6 3
[Move] 339 4 10 2 1 5 0
[Move] 340 5 10 1 1 6 2
[Move] 341 4 10 3 1 5 0
[Move] 342 4 9 0 1 4 0
[Move] 343 4 10 2 1 3 0
[Move] 344 3 10 3 1 2 0
[Move] 345 3 9 0 1 3 2
[Move] 346 2 9 3 2 3 1
[Move] 347 3 9 1 3 3 1
[Move] 348 2 9 3 3 4 2
[Move] 349 2 8 0 2 4 3
[Move] 350 1 8 3 2 5 2
[Move] 351 1 7 0 2 6 2
[Move] 352 2 7 1 2 7 2
[Move] 353 2 8 2 3 7 1
[Move] 354 3 8 1 3 8 2
[Move] 355 2 8 3 3 7 0
[Move] 356 2 7 0 2 7 3
[Move] 357 1 7 3 2 6 0
[Move] 358 1 8 2 2 5 0
[Move] 359 2 8 1 1 5 3
[Move] 360 2 7 0 1 6 2
[Move] 361 3 7 1 1 5 0
[Move] 362 3 8 2 1 6 2
[Move] 363 2 8 3 1 7 2
[Move] 364 1 8 3 2 7 1
[Move] 365 1 7 0 2 8 2
[Move] 366 1 8 2 1 8 3
[Move] 367 2 8 1 1 7 0
[Move] 368 2 9 2 1 6 0
[Move] 369 1 9 3 1 7 2
[Move] 370 1 8 0 2 7 1
[Move] 371 2 8 1 2 8 2
[Move] 372 2 9 2 2 7 0
[Move] 373 2 10 2 2 8 2
[Move] 374 3 10 1 2 7 0
[Move] 375 4 10 1 1 7 3
[Move] 376 5 10 1 1 6 0
[Move] 377 4 10 3 1 7 2
[Move] 378 3 10 3 1 6 0
[Move] 379 2 10 3 2 6 1
[Move] 380 2 9 0 2 7 2
[Move] 381 1 9 3 2 6 0
[Move] 382 1 8 0 2 7 2
[Move] 383 2 8 1 2 8 2
[Move] 384 2 7 0 2 7 0
[Move] 385 2 8 2 3 7 1
[Move] 386 3 8 1 3 6 0
[Move] 387 3 9 2 4 6 1
[Move] 388 4 9 1 5 6 1
[Move] 389 4 8 0 5 7 2
[Move] 390 4 7 0 6 7 1
[Move] 391 4 6 0 5 7 3
[Move] 392 3 6 3 5 6 0
[Move] 393 3 7 2 6 6 1
[Move] 394 3 6 0 6 7 2
[Move] 395 3 5 0 7 7 1
[Move] 396 3 4 0 6 7 3
[Move] 397 2 4 3 6 8 2
[Move] 398 2 3 0 5 8 3
[Move] 399 3 3 1 4 8 3
[Move] 400 4 3 1 4 7 0
[Move] 401 3 3 3 3 7 3
[Move] 402 3 2 0 4 7 1
[Move] 403 4 2 1 4 8 2
[Move] 404 4 1 0 5 8 1
[Move] 405 4 2 2 6 8 1
[Move] 406 4 1 0 6 9 2
[Move] 407 4 2 2 6 8 0
[Move] 408 5 2 1 5 8 3
[Move] 409 4 2 3 6 8 1
[Move] 410 4 1 0 6 7 0
[Move] 411 5 1 1 5 7 3
[Move] 412 4 1 3 5 8 2
[Move] 413 3 1 3 6 8 1
[Move] 414 2 1 3 6 9 2
[Move] 415 3 1 1 7 9 1
[Move] 416 4 1 1 7 10 2
[Move] 417 3 1 3 6 10 3
[Move] 418 2 1 3 7 10 1
[Move] 419 2 2 2 6 10 3
[Move] 420 2 3 2 5 10 3
[Move] 421 1 3 3 5 9 0
[Move] 422 1 2 0 4 9 3
[Move] 423 1 3 2 4 10 2
[Move] 424 2 3 1 5 10 1
[Move] 425 1 3 3 6 10 1
[Move] 426 2 3 1 6 9 0
[Move] 427 2 2 0 6 8 0
[Move] 428 1 2 3 6 9 2
[Move] 429 2 2 1 6 10 2
[Move] 430 2 1 0 6 9 0
[Move] 431 3 1 1 5 9 3
[Move] 432 2 1 3 4 9 3
[Move] 433 2 2 2 5 9 1
[Move] 434 2 3 2 4 9 3
[Move] 435 3 3 1 4 10 2
[Move] 436 2 3 3 5 10 1
[Move] 437 3 3 1 4 10 3
[Move] 438 4 3 1 5 10 1
[Move] 439 4 4 2 6 10 1
[Move] 440 3 4 3 7 10 1
[Move] 441 4 4 1 8 10 1
[Move] 442 3 4 3 8 9 0
[Move] 443 3 3 0 8 10 2
[Move] 444 4 3 1 9 10 1
[Move] 445 3 3 3 10 10 1
[Move] 446 3 2 0 10 9 0
[Move] 447 2 2 3 10 10 2
[Move] 448 2 3 2 10 9 0
[Move] 449 1 3 3 10 10 2
[Move] 450 1 4 2 10 9 0
[Move] 451 1 3 0 9 9 3
[Move] 452 1 4 2 9 8 0
[Move] 453 1 5 2 9 9 2
[Move] 454 1 6 2 9 8 0
[Move] 455 2 6 1 8 8 3
[Move] 456 3 6 1 8 7 0
[Move] 457 3 7 2 7 7 3
[Move] 458 2 7 3 6 7 3
[Move] 459 1 7 3 6 8 2
[Move] 460 1 8 2 6 7 0
[Move] 461 1 7 0 6 8 2
[Move] 462 1 6 0 6 7 0
[Move] 463 2 6 1 7 7 1
[Move] 464 1 6 3 7 6 0
[Move] 465 1 7 2 6 6 3
[Move] 466 1 8 2 7 6 1
[Move] 467 1 9 2 7 7 2
[Move] 468 2 9 1 6 7 3
[Move] 469 2 10 2 6 8 2
[Move] 470 2 9 0 6 7 0
[Move] 471 3 9 1 6 6 0
[Move] 472 4 9 1 5 6 3
[Move] 473 4 8 0 5 7 2
[Move] 474 4 7 0 6 7 1
[Move] 475 4 8 2 7 7 1
[Move] 476 3 8 3 7 8 2
[Move] 477 3 7 0 7 9 2
[Move] 478 4 7 1 8 9 1
[Move] 479 4 8 2 7 9 3
[Move] 480 5 8 1 6 9 3
[Move] 481 4 8 3 6 10 2
[Move] 482 3 8 3 5 10 3
[Move] 483 2 8 3 4 10 3
[Move] 484 2 7 0 4 9 0
[Move] 485 1 7 3 3 9 3
[Move] 486 1 8 2 4 9 1
[Move] 487 1 7 0 4 10 2
[Move] 488 1 8 2 3 10 3
[Move] 489 1 7 0 2 10 3
[Move] 490 2 7 1 3 10 1
[Move] 491 2 8 2 3 9 0
[Move] 492 3 8 1 4 9 1
[Move] 493 4 8 1 5 9 1
[Move] 494 4 7 0 5 8 0
[Move] 495 4 8 2 5 7 0
[Move] 496 4 9 2 5 8 2
[Move] 497 5 9 1 5 7 0
[Move] 498 5 8 0 6 7 1
[Move] 499 6 8 1 6 6 0
[Move] 500 6 7 0 5 6 3
[Move] 501 6 6 0 4 6 3
[Move] 502 7 6 1 3 6 3
[Move] 503 7 7 2 4 6 1
[Move] 504 7 6 0 5 6 1
[Move] 505 8 6 1 4 6 3
[Move] 506 8 7 2 3 6 3
[Move] 507 7 7 3 2 6 3
[Move] 508 8 7 1 2 5 0
[Move] 509 8 6 0 3 5 1
[Move] 510 9 6 1 3 4 0
[Move] 511 9 5 0 4 4 1
[Move] 512 10 5 1 4 5 2
[Move] 513 10 4 0 3 5 3
[Move] 514 9 4 3 3 6 2
[Move] 515 10 4 1 4 6 1
[Move] 516 9 4 3 3 6 3
[Move] 517 10 4 1 3 5 0
[Move] 518 10 5 2 2 5 3
[Move] 519 9 5 3 1 5 3
[Move] 520 10 5 1 1 4 0
[Move] 521 10 4 0 2 4 1
[Move] 522 9 4 3 2 3 0
[Move] 523 9 5 2 1 3 3
[Move] 524 9 6 2 1 4 2
[Move] 525 9 5 0 1 5 2
[Move] 526 10 5 1 1 6 2
[Move] 527 10 4 0 1 5 0
[Move] 528 9 4 3 2 5 1
[Move] 529 9 5 2 3 5 1
[Move] 530 8 5 3 2 5 3
[Move] 531 8 6 2 3 5 1
[Move] 532 8 7 2 3 6 2
[Move] 533 9 7 1 2 6 3
[Move] 534 10 7 1 2 7 2
[Move] 535 10 6 0 2 6 0
[Move] 536 10 5 0 1 6 3
[Move] 537 10 6 2 1 7 2
[Move] 538 10 7 2 1 6 0
[Move] 539 10 6 0 1 5 0
[Move] 540 10 7 2 1 6 2
[Move] 541 10 8 2 1 5 0
[Move] 542 9 8 3 2 5 1
[Move] 543 9 7 0 1 5 3
[Move] 544 10 7 1 1 4 0
[Move] 545 10 8 2 1 3 0
[Move] 546 10 7 0 1 2 0
[Move] 547 9 7 3 1 1 0
[Move] 548 9 8 2 2 1 1
[Move] 549 9 9 2 3 1 1
[Move] 550 8 9 3 2 1 3
[Move] 551 7 9 3 3 1 1
[Move] 552 7 8 0 4 1 1
[Move] 553 7 7 0 3 1 3
[Move] 554 6 7 3 2 1 3
[Move] 555 6 8 2 1 1 3
[Move] 556 5 8 3 2 1 1
[Move] 557 5 9 2 3 1 1
[Move] 558 5 8 0 2 1 3
[Move] 559 4 8 3 2 2 2
[Move] 560 4 9 2 1 2 3
[Move] 561 3 9 3 2 2 1
[Move] 562 3 10 2 1 2 3
[Move] 563 4 10 1 1 1 0
[Move] 564 3 10 3 2 1 1
[Move] 565 4 10 1 2 2 2
[Move] 566 4 9 0 2 1 0
[Move] 567 3 9 3 3 1 1
[Move] 568 3 8 0 2 1 3
[Move] 569 4 8 1 3 1 1
[Move] 570 4 9 2 4 1 1
[Move] 571 4 10 2 4 2 2
[Move] 572 5 10 1 3 2 3
[Move] 573 5 9 0 4 2 1
[Move] 574 5 8 0 4 3 2
[Move] 575 5 9 2 4 2 0
[Move] 576 4 9 3 5 2 1
[Move] 577 4 8 0 5 1 0
[Move] 578 3 8 3 6 1 1
[Move] 579 4 8 1 6 2 2
[Move] 580 3 8 3 6 3 2
[Move] 581 3 7 0 5 3 3
[Move] 582 4 7 1 5 2 0
[Move] 583 4 6 0 6 2 1
[Move] 584 4 7 2 7 2 1
[Move] 585 4 6 0 7 3 2
[Move] 586 5 6 1 7 4 2
[Move] 587 5 5 0 8 4 1
[Move] 588 6 5 1 8 3 0
[Move] 589 7 5 1 8 4 2
[Move] 590 7 4 0 7 4 3
[Move] 591 6 4 3 7 3 0
[Move] 592 5 4 3 7 4 2
[Move] 593 5 3 0 6 4 3
[Move] 594 4 3 3 6 5 2
[Move] 595 4 4 2 7 5 1
[Move] 596 3 4 3 8 5 1
[Move] 597 3 5 2 8 4 0
[Move] 598 3 6 2 8 3 0
[Move] 599 3 5 0 8 4 2
[Move] 600 2 5 3 8 5 2
[Move] 601 3 5 1 7 5 3
[Move] 602 3 4 0 7 4 0
[Move] 603 2 4 3 8 4 1
[Move] 604 2 5 2 9 4 1
[Move] 605 1 5 3 9 5 2
[Move] 606 1 4 0 10 5 1
[Move] 607 1 3 0 10 6 2
[Move] 608 2 3 1 10 7 2
[Move] 609 3 3 1 10 6 0
[Move] 610 3 4 2 9 6 3
[Move] 611 3 3 0 9 5 0
[Move] 612 2 3 3 9 4 0
[Move] 613 2 4 2 9 3 0
[Move] 614 3 4 1 10 3 1
[Move] 615 4 4 1 9 3 3
[Move] 616 4 3 0 10 3 1
[Move] 617 4 2 0 9 3 3
[Move] 618 5 2 1 9 4 2
[Move] 619 5 3 2 9 3 0
[Move] 620 6 3 1 8 3 3
[Move] 621 7 3 1 8 4 2
[Move] 622 7 4 2 9 4 1
[Move] 623 8 4 1 9 3 0
[Move] 624 8 3 0 9 4 2
[Move] 625 7 3 3 8 4 3
[Move] 626 7 4 2 8 3 0
[Move] 627 7 3 0 9 3 1
[Move] 628 7 4 2 8 3 3
[Move] 629 8 4 1 8 2 0
[Move] 630 8 5 2 8 1 0
[Move] 631 9 5 1 7 1 3
[Move] 632 9 6 2 8 1 1
[Move] 633 9 7 2 8 2 2
[Move] 634 8 7 3 8 3 2
[Move] 635 8 6 0 8 2 0
[Move] 636 7 6 3 8 1 0
[Move] 637 7 5 0 9 1 1
[Move] 638 8 5 1 10 1 1
[Move] 639 9 5 1 9 1 3
[Move] 640 10 5 1 10 1 1
[Move] 641 9 5 3 10 2 2
[Move] 642 8 5 3 10 1 0
[Move] 643 8 4 0 10 2 2
[Move] 644 7 4 3 10 1 0
[Move] 645 7 5 2 9 1 3
[Move] 646 6 5 3 8 1 3
[Move] 647 6 4 0 7 1 3
[Move] 648 6 5 2 7 2 2
[Move] 649 5 5 3 8 2 1
[Move] 650 5 6 2 8 1 0
[Move] 651 4 6 3 9 1 1
[Move] 652 4 5 0 9 2 2
[Move] 653 5 5 1 9 1 0
[Move] 654 5 4 0 10 1 1
[Move] 655 5 3 0 9 1 3
[Move] 656 6 3 1 8 1 3
[Move] 657 6 2 0 7 1 3
[Move] 658 7 2 1 6 1 3
[Move] 659 8 2 1 6 2 2
[Move] 660 9 2 1 5 2 3
[Move] 661 9 1 0 5 3 2
[Move] 662 8 1 3 6 3 1
[Move] 663 8 2 2 6 4 2
[Move] 664 8 3 2 6 3 0
[Move] 665 8 2 0 5 3 3
[Move] 666 8 1 0 4 3 3
[Move] 667 7 1 3 4 2 0
[Move] 668 8 1 1 4 3 2
[Move] 669 8 2 2 4 2 0
[Move] 670 9 2 1 3 2 3
[Move] 671 8 2 3 4 2 1
[Move] 672 8 3 2 5 2 1
[Move] 673 8 2 0 5 3 2
[Move] 674 9 2 1 4 3 3
[Move] 675 9 1 0 3 3 3
[Move] 676 10 1 1 3 4 2
[Move] 677 10 2 2 3 3 0
[Move] 678 9 2 3 3 2 0
[Move] 679 9 1 0 2 2 3
[Move] 680 10 1 1 2 1 0
[Move] 681 9 1 3 2 2 2
[Move] 682 8 1 3 1 2 3
[Move] 683 8 2 2 2 2 1
[Move] 684 8 1 0 3 2 1
[Move] 685 7 1 3 3 3 2
[Move] 686 6 1 3 4 3 1
[Move] 687 5 1 3 4 4 2
[Move] 688 5 2 2 3 4 3
[Move] 689 5 1 0 3 5 2
[Move] 690 4 1 3 3 4 0
[Move] 691 3 1 3 4 4 1
[Move] 692 3 2 2 5 4 1
[Move] 693 2 2 3 6 4 1
[Move] 694 2 3 2 7 4 1
[Move] 695 1 3 3 8 4 1
[Move] 696 1 4 2 8 3 0
[Move] 697 1 3 0 7 3 3
[Move] 698 1 2 0 7 4 2
[Move] 699 1 1 0 6 4 3
[Move] 700 1 2 2 7 4 1
[Move] 701 1 3 2 6 4 3
[Move] 702 1 4 2 6 3 0
[Move] 703 1 3 0 5 3 3
[Move] 704 2 3 1 4 3 3
[Move] 705 2 4 2 4 2 0
[Move] 706 2 5 2 5 2 1
[Move] 707 3 5 1 4 2 3
[Move] 708 4 5 1 4 1 0
[Move] 709 4 4 0 3 1 3
[Move] 710 4 5 2 3 2 2
[Move] 711 4 4 0 4 2 1
[Move] 712 3 4 3 4 3 2
[Move] 713 3 3 0 3 3 3
[Move] 714 4 3 1 3 4 2
[Move] 715 4 4 2 3 3 0
[Move] 716 3 4 3 2 3 3
[Move] 717 3 5 2 2 2 0
[Move] 718 4 5 1 1 2 3
[Move] 719 4 6 2 2 2 1
[Move] 720 4 7 2 1 2 3
[Move] 721 4 8 2 1 1 0
[Move] 722 4 7 0 2 1 1
[Move] 723 5 7 1 1 1 3
[Move] 724 5 6 0 2 1 1
[Move] 725 4 6 3 2 2 2
[Move] 726 4 5 0 2 3 2
[Move] 727 4 6 2 2 2 0
[Move] 728 4 7 2 2 1 0
[Move] 729 4 6 0 1 1 3
[Move] 730 3 6 3 1 2 2
[Move] 731 3 7 2 2 2 1
[Move] 732 2 7 3 1 2 3
[Move] 733 2 6 0 2 2 1
[Move] 734 2 5 0 2 3 2
[Move] 735 3 5 1 2 2 0
[Move] 736 3 4 0 2 1 0
[Move] 737 3 3 0 1 1 3
[Move] 738 3 4 2 1 2 2
[Move] 739 4 4 1 1 1 0
[Move] 740 4 3 0 2 1 1
[Move] 741 3 3 3 2 2 2
[Move] 742 4 3 1 2 3 2
[Move] 743 3 3 3 3 3 1
[Move] 744 3 4 2 3 4 2
[Move] 745 4 4 1 2 4 3
[Move] 746 4 5 2 2 3 0
[Move] 747 5 5 1 1 3 3
[Move] 748 5 6 2 1 4 2
[Move] 749 6 6 1 1 3 0
[Move] 750 6 5 0 1 2 0
[Move] 751 6 6 2 2 2 1
[Move] 752 5 6 3 3 2 1
[Move] 753 4 6 3 4 2 1
[Move] 754 4 5 0 4 1 0
[Move] 755 5 5 1 3 1 3
[Move] 756 5 4 0 3 2 2
[Move] 757 6 4 1 2 2 3
[Move] 758 6 5 2 2 1 0
[Move] 759 6 6 2 1 1 3
[Move] 760 6 5 0 2 1 1
[Move] 761 7 5 1 3 1 1
[Move] 762 6 5 3 3 2 2
[Move] 763 7 5 1 2 2 3
[Move] 764 8 5 1 2 1 0
[Move] 765 8 4 0 3 1 1
[Move] 766 7 4 3 2 1 3
[Move] 767 8 4 1 2 2 2
[Move] 768 7 4 3 1 2 3
[Move] 769 7 5 2 1 1 0
[Move] 770 7 6 2 1 2 2
[Move] 771 7 7 2 1 3 2
[Move] 772 6 7 3 2 3 1
[Move] 773 6 8 2 2 2 0
[Move] 774 7 8 1 2 3 2
[Move] 775 6 8 3 1 3 3
[Move] 776 5 8 3 1 4 2
[Move] 777 5 9 2 2 4 1
[Move] 778 6 9 1 2 5 2
[Move] 779 6 8 0 1 5 3
[Move] 780 6 7 0 1 4 0
[Move] 781 7 7 1 2 4 1
[Move] 782 8 7 1 2 5 2
[Move] 783 8 8 2 1 5 3
[Move] 784 9 8 1 1 4 0
[Move] 785 9 9 2 2 4 1
[Move] 786 9 8 0 3 4 1
[Move] 787 9 9 2 3 3 0
[Move] 788 8 9 3 3 2 0
[Move] 789 9 9 1 3 3 2
[Move] 790 9 8 0 4 3 1
[Move] 791 10 8 1 4 4 2
[Move] 792 10 7 0 5 4 1
[Move] 793 9 7 3 5 3 0
[Move] 794 9 6 0 5 4 2
[Move] 795 9 5 0 4 4 3
[Move] 796 10 5 1 4 5 2
[Move] 797 10 4 0 5 5 1
[Move] 798 10 5 2 5 4 0
[Move] 799 10 4 0 6 4 1
[Move] 800 9 4 3 6 3 0
[Move] 801 9 5 2 7 3 1
[Move] 802 9 4 0 7 2 0
[Move] 803 10 4 1 6 2 3
[Move] 804 10 5 2 6 1 0
[Move] 805 10 6 2 7 1 1
[Move] 806 10 7 2 7 2 2
[Move] 807 9 7 3 7 3 2
[Move] 808 10 7 1 7 4 2
[Move] 809 10 8 2 8 4 1
[Move] 810 9 8 3 7 4 3
[Move] 811 10 8 1 7 3 0
[Move] 812 9 8 3 8 3 1
[Move] 813 9 7 0 8 4 2
[Move] 814 10 7 1 7 4 3
[Move] 815 9 7 3 7 3 0
[Move] 816 10 7 1 8 3 1
[Move] 817 10 6 0 8 4 2
[Move] 818 9 6 3 7 4 3
[Move] 819 9 7 2 6 4 3
[Move] 820 9 6 0 6 3 0
[Move] 821 10 6 1 6 4 2
[Move] 822 9 6 3 7 4 1
[Move] 823 9 5 0 7 3 0
[Move] 824 10 5 1 6 3 3
[Move] 825 10 4 0 5 3 3
[Move] 826 9 4 3 5 4 2
[Move] 827 8 4 3 5 3 0
[Move] 828 9 4 1 4 3 3
[Move] 829 9 3 0 3 3 3
[Move] 830 8 3 3 2 3 3
[Move] 831 8 2 0 1 3 3
[Move] 832 9 2 1 1 2 0
[Move] 833 10 2 1 1 3 2
[Move] 834 9 2 3 1 4 2
[Move] 835 9 3 2 2 4 1
[Move] 836 9 2 0 1 4 3
[Move] 837 9 1 0 1 5 2
[Move] 838 8 1 3 2 5 1
[Move] 839 9 1 1 2 4 0
[Move] 840 8 1 3 3 4 1
[Move] 841 8 2 2 3 3 0
[Move] 842 7 2 3 2 3 3
[Move] 843 7 3 2 2 4 2
[Move] 844 7 4 2 2 3 0
[Move] 845 6 4 3 2 4 2
[Move] 846 6 5 2 1 4 3
[Move] 847 5 5 3 1 5 2
[Move] 848 5 6 2 2 5 1
[Move] 849 5 5 0 1 5 3
[Move] 850 6 5 1 1 6 2
[Move] 851 6 6 2 1 5 0
[Move] 852 6 5 0 2 5 1
[Move] 853 6 6 2 2 4 0
[Move] 854 6 5 0 1 4 3
[Move] 855 5 5 3 1 3 0
[Move] 856 5 6 2 1 4 2
[Move] 857 4 6 3 2 4 1
[Move] 858 4 7 2 2 5 2
[Move] 859 5 7 1 1 5 3
[Move] 860 5 6 0 1 4 0
[Move] 861 6 6 1 1 5 2
[Move] 862 6 5 0 1 4 0
[Move] 863 5 5 3 1 3 0
[Move] 864 6 5 1 1 4 2
[Move] 865 7 5 1 2 4 1
[Move] 866 7 4 0 1 4 3
[Move] 867 8 4 1 1 5 2
[Move] 868 7 4 3 1 4 0
[Move] 869 7 5 2 2 4 1
[Move] 870 6 5 3 2 5 2
[Move] 871 7 5 1 3 5 1
[Move] 872 6 5 3 2 5 3
[Move] 873 6 6 2 2 6 2
[Move] 874 5 6 3 2 5 0
[Move] 875 6 6 1 1 5 3
[Move] 876 6 5 0 1 4 0
[Move] 877 5 5 3 2 4 1
[Move] 878 5 6 2 2 5 2
[Move] 879 5 7 2 2 6 2
[Move] 880 5 8 2 2 5 0
[Move] 881 4 8 3 3 5 1
[Move] 882 4 7 0 3 4 0
[Move] 883 5 7 1 3 5 2
[Move] 884 5 6 0 2 5 3
[Move] 885 4 6 3 2 4 0
[Move] 886 4 5 0 2 5 2
[Move] 887 4 4 0 1 5 3
[Move] 888 3 4 3 1 4 0
[Move] 889 3 3 0 2 4 1
[Move] 890 3 2 0 1 4 3
[Move] 891 2 2 3 1 5 2
[Move] 892 2 1 0 2 5 1
[Move] 893 1 1 3 2 6 2
[Move] 894 2 1 1 3 6 1
[Move] 895 2 2 2 2 6 3
[Move] 896 2 3 2 3 6 1
[Move] 897 2 4 2 4 6 1
[Move] 898 2 3 0 4 7 2
[Move] 899 2 4 2 4 6 0
[Move] 900 1 4 3 3 6 3
[Move] 901 2 4 1 3 7 2
[Move] 902 1 4 3 2 7 3
[Move] 903 1 5 2 2 6 0
[Move] 904 2 5 1 3 6 1
[Move] 905 2 6 2 4 6 1
[Move] 906 2 7 2 4 5 0
[Move] 907 2 8 2 3 5 3
[Move] 908 2 9 2 3 4 0
[Move] 909 1 9 3 2 4 3
[Move] 910 1 10 2 2 5 2
[Move] 911 2 10 1 2 4 0
[Move] 912 2 9 0 3 4 1
[Move] 913 3 9 1 2 4 3
[Move] 914 2 9 3 2 5 2
[Move] 915 3 9 1 3 5 1
[Move] 916 3 8 0 3 4 0
[Move] 917 4 8 1 4 4 1
[Move] 918 5 8 1 4 3 0
[Move] 919 6 8 1 5 3 1
[Move] 920 5 8 3 5 2 0
[Move] 921 5 7 0 4 2 3
[Move] 922 4 7 3 4 3 2
[Move] 923 4 8 2 3 3 3
[Move] 924 4 7 0 3 2 0
[Move] 925 5 7 1 2 2 3
[Move] 926 6 7 1 2 1 0
[Move] 927 6 8 2 3 1 1
[Move] 928 7 8 1 3 2 2
[Move] 929 7 7 0 3 3 2
[Move] 930 6 7 3 2 3 3
[Move] 931 6 6 0 3 3 1
[Move] 932 5 6 3 2 3 3
[Move] 933 6 6 1 2 2 0
[Move] 934 6 5 0 2 1 0
[Move] 935 6 4 0 1 1 3
[Move] 936 6 3 0 2 1 1
[Move] 937 6 2 0 2 2 2
[Move] 938 6 3 2 3 2 1
[Move] 939 6 4 2 4 2 1
[Move] 940 5 4 3 4 3 2
[Move] 941 4 4 3 4 4 2
[Move] 942 5 4 1 4 3 0
[Move] 943 4 4 3 3 3 3
[Move] 944 4 5 2 4 3 1
[Move] 945 3 5 3 3 3 3
[Move] 946 3 4 0 4 3 1
[Move] 947 4 4 1 4 2 0
[Move] 948 4 3 0 3 2 3
[Move] 949 3 3 3 3 1 0
[Move] 950 3 2 0 2 1 3
[Move] 951 3 1 0 2 2 2
[Move] 952 4 1 1 2 1 0
[Move] 953 4 2 2 1 1 3
[Move] 954 3 2 3 1 2 2
[Move] 955 4 2 1 2 2 1
[Move] 956 4 3 2 2 3 2
[Move] 957 5 3 1 1 3 3
[Move] 958 6 3 1 1 2 0
[Move] 959 7 3 1 1 3 2
[Move] 960 8 3 1 1 2 0
[Move] 961 9 3 1 2 2 1
[Move] 962 9 4 2 2 3 2
[Move] 963 8 4 3 1 3 3
[Move] 964 7 4 3 1 2 0
[Move] 965 7 5 2 1 3 2
[Move] 966 8 5 1 1 2 0
[Move] 967 8 6 2 2 2 1
[Move] 968 8 7 2 2 3 2
[Move] 969 7 7 3 3 3 1
[Move] 970 6 7 3 2 3 3
[Move] 971 6 8 2 3 3 1
[Move] 972 6 9 2 3 4 2
[Move] 973 7 9 1 3 3 0
[Move] 974 7 10 2 4 3 1
[Move] 975 8 10 1 4 4 2
[Move] 976 8 9 0 3 4 3
[Move] 977 7 9 3 2 4 3
[Move] 978 8 9 1 2 3 0
[Move] 979 9 9 1 1 3 3
[Move] 980 8 9 3 1 4 2
[Move] 981 9 9 1 2 4 1
[Move] 982 8 9 3 2 3 0
[Move] 983 8 8 0 2 4 2
[Move] 984 7 8 3 3 4 1
[Move] 985 7 7 0 3 5 2
[Move] 986 7 8 2 3 4 0
[Move] 987 7 9 2 2 4 3
[Move] 988 8 9 1 3 4 1
[Move] 989 8 8 0 3 3 0
[Move] 990 8 7 0 3 4 2
[Move] 991 8 8 2 3 5 2
[Move] 992 7 8 3 4 5 1
[Move] 993 7 9 2 4 4 0
[Move] 994 8 9 1 5 4 1
[Move] 995 9 9 1 4 4 3
[Move] 996 10 9 1 4 5 2
[Move] 997 10 8 0 3 5 3
[Move] 998 10 9 2 3 6 2
[Move] 999 9 9 3 3 5 0
[Move] 1000 9 8 0 4 5 1
