action step xA yA dirA xB yB dirB
- 0 1 2 1 3 4 0
[Move] 1 1 3 2 2 4 3
[Move] 2 1 2 0 2 3 0
[Move] 3 1 1 0 3 3 1
[Move] 4 2 1 1 3 4 2
[Move] 5 3 1 1 2 4 3
[Move] 6 2 1 3 2 3 0
[Move] 7 3 1 1 1 3 3
[Move] 8 3 2 2 1 2 0
[Move] 9 3 1 0 2 2 1
[Move] 10 4 1 1 2 1 0
[Move] 11 3 1 3 1 1 3
[Move] 12 3 2 2 2 1 1
[Move] 13 4 2 1 2 2 2
[Move] 14 4 1 0 3 2 1
[Move] 15 3 1 3 3 1 0
[Move] 16 4 1 1 2 1 3
[Move] 17 4 2 2 3 1 1
[Move] 18 4 1 0 4 1 1
[Move] 19 4 2 2 3 1 3
[Move] 20 3 2 3 2 1 3
[Move] 21 2 2 3 2 2 2
[Move] 22 2 3 2 2 3 2
[Move] 23 3 3 1 2 2 0
[Move] 24 4 3 1 2 3 2
[Move] 25 3 3 3 3 3 1
[Move] 26 2 3 3 3 4 2
[Move] 27 3 3 1 2 4 3
[Move] 28 3 4 2 3 4 1
[Move] 29 4 4 1 2 4 3
[Move] 30 4 3 0 3 4 1
[Move] 31 3 3 3 4 4 1
[Move] 32 4 3 1 3 4 3
[Move] 33 3 3 3 4 4 1
[Move] 34 3 4 2 4 3 0
[Move] 35 2 4 3 4 4 2
[Move] 36 2 3 0 3 4 3
[Move] 37 1 3 3 3 3 0
[Move] 38 1 2 0 2 3 3
[Move] 39 2 2 1 1 3 3
[Move] 40 3 2 1 1 2 0
[Move] 41 3 3 2 2 2 1
[Move] 42 2 3 3 2 3 2
[Move] 43 2 2 0 1 3 3
[Move] 44 3 2 1 1 2 0
[Move] 45 2 2 3 2 2 1
[Move] 46 3 2 1 2 3 2
[Move] 47 2 2 3 1 3 3
[Move] 48 2 1 0 1 2 0
[Move] 49 2 2 2 1 3 2
[Move] 50 2 1 0 1 4 2
[Move] 51 3 1 1 2 4 1
[Move] 52 4 1 1 3 4 1
[Move] 53 4 2 2 4 4 1
[Move] 54 4 1 0 4 3 0
[Move] 55 3 1 3 3 3 3
[Move] 56 3 2 2 4 3 1
[Move] 57 3 1 0 4 2 0
[Move] 58 4 1 1 4 1 0
[Move] 59 4 2 2 4 2 2
[Move] 60 4 3 2 4 1 0
[Move] 61 4 2 0 4 2 2
[Move] 62 3 2 3 3 2 3
[Move] 63 4 2 1 2 2 3
[Move] 64 4 1 0 2 3 2
[Move] 65 3 1 3 2 4 2
[Move] 66 3 2 2 3 4 1
[Move] 67 3 1 0 2 4 3
[Move] 68 4 1 1 2 3 0
[Move] 69 3 1 3 1 3 3
[Move] 70 4 1 1 1 4 2
[Move] 71 4 2 2 1 3 0
[Move] 72 4 3 2 1 4 2
[Move] 73 4 2 0 2 4 1
[Move] 74 4 1 0 1 4 3
[Move] 75 3 1 3 1 3 0
[Move] 76 3 2 2 2 3 1
[Move] 77 2 2 3 3 3 1
[Move] 78 2 3 2 3 2 0
[Move] 79 3 3 1 3 1 0
[Move] 80 3 4 2 2 1 3
[Move] 81 4 4 1 2 2 2
[Move] 82 3 4 3 2 3 2
[Move] 83 2 4 3 2 4 2
[Move] 84 2 3 0 2 3 0
[Move] 85 2 4 2 1 3 3
[Move] 86 1 4 3 2 3 1
[Move] 87 1 3 0 1 3 3
[Move] 88 2 3 1 1 4 2
[Move] 89 3 3 1 1 3 0
[Move] 90 3 4 2 1 2 0
[Move] 91 3 3 0 1 1 0
[Move] 92 3 4 2 2 1 1
[Move] 93 3 3 0 2 2 2
[Move] 94 3 4 2 1 2 3
[Move] 95 3 3 0 2 2 1
[Move] 96 2 3 3 2 3 2
[Move] 97 2 4 2 2 4 2
[Move] 98 2 3 0 2 3 0
[Move] 99 2 2 0 1 3 3
[Move] 100 1 2 3 1 2 0
[Move] 101 2 2 1 2 2 1
[Move] 102 2 3 2 2 3 2
[Move] 103 1 3 3 2 4 2
[Move] 104 1 2 0 3 4 1
[Move] 105 1 3 2 4 4 1
[Move] 106 1 4 2 3 4 3
[Move] 107 2 4 1 3 3 0
[Move] 108 1 4 3 4 3 1
[Move] 109 2 4 1 4 2 0
[Move] 110 3 4 1 3 2 3
[Move] 111 4 4 1 4 2 1
[Move] 112 3 4 3 3 2 3
[Move] 113 4 4 1 4 2 1
[Move] 114 4 3 0 4 3 2
[Move] 115 4 4 2 4 4 2
[Move] 116 4 3 0 4 3 0
[Move] 117 3 3 3 4 4 2
[Move] 118 3 4 2 4 3 0
[Move] 119 4 4 1 4 2 0
[Move] 120 3 4 3 4 1 0
[Move] 121 4 4 1 3 1 3
[Move] 122 4 3 0 2 1 3
[Move] 123 3 3 3 2 2 2
[Move] 124 4 3 1 2 1 0
[Move] 125 4 2 0 3 1 1
[Move] 126 4 1 0 2 1 3
[Move] 127 3 1 3 3 1 1
[Move] 128 3 2 2 3 2 2
[Move] 129 2 2 3 4 2 1
[Move] 130 2 1 0 4 1 0
[Move] 131 1 1 3 4 2 2
[Move] 132 2 1 1 3 2 3
[Move] 133 3 1 1 3 1 0
[Move] 134 4 1 1 4 1 1
[Move] 135 3 1 3 3 1 3
[Move] 136 4 1 1 3 2 2
[Move] 137 3 1 3 3 3 2
[Move] 138 4 1 1 4 3 1
[Move] 139 4 2 2 4 4 2
[Move] 140 3 2 3 3 4 3
[Move] 141 3 3 2 4 4 1
[Move] 142 2 3 3 4 3 0
[Move] 143 2 4 2 3 3 3
[Move] 144 3 4 1 2 3 3
[Move] 145 2 4 3 2 4 2
[Move] 146 3 4 1 1 4 3
[Move] 147 3 3 0 2 4 1
[Move] 148 3 2 0 2 3 0
[Move] 149 2 2 3 2 2 0
[Move] 150 3 2 1 2 3 2
[Move] 151 3 3 2 2 2 0
[Move] 152 2 3 3 3 2 1
[Move] 153 2 2 0 2 2 3
[Move] 154 2 3 2 3 2 1
[Move] 155 3 3 1 3 3 2
[Move] 156 3 2 0 3 4 2
[Move] 157 4 2 1 4 4 1
[Move] 158 4 3 2 3 4 3
[Move] 159 4 2 0 4 4 1
[Move] 160 4 3 2 4 3 0
[Move] 161 4 4 2 4 4 2
[Move] 162 4 3 0 3 4 3
[Move] 163 4 4 2 4 4 1
[Move] 164 4 3 0 4 3 0
[Move] 165 3 3 3 4 4 2
[Move] 166 3 2 0 3 4 3
[Move] 167 3 1 0 2 4 3
[Move] 168 4 1 1 2 3 0
[Move] 169 3 1 3 2 4 2
[Move] 170 3 2 2 1 4 3
[Move] 171 3 1 0 1 3 0
[Move] 172 2 1 3 2 3 1
[Move] 173 3 1 1 1 3 3
[Move] 174 2 1 3 2 3 1
[Move] 175 2 2 2 2 4 2
[Move] 176 2 1 0 1 4 3
[Move] 177 2 2 2 2 4 1
[Move] 178 1 2 3 3 4 1
[Move] 179 2 2 1 2 4 3
[Move] 180 2 1 0 2 3 0
[Move] 181 3 1 1 3 3 1
[Move] 182 4 1 1 3 2 0
[Move] 183 4 2 2 3 1 0
[Move] 184 4 3 2 2 1 3
[Move] 185 3 3 3 2 2 2
[Move] 186 3 2 0 1 2 3
[Move] 187 4 2 1 1 1 0
[Move] 188 3 2 3 1 2 2
[Move] 189 3 3 2 1 1 0
[Move] 190 2 3 3 1 2 2
[Move] 191 1 3 3 2 2 1
[Move] 192 1 2 0 3 2 1
[Move] 193 1 1 0 2 2 3
[Move] 194 1 2 2 2 1 0
[Move] 195 1 1 0 3 1 1
[Move] 196 2 1 1 3 2 2
[Move] 197 3 1 1 3 3 2
[Move] 198 2 1 3 4 3 1
[Move] 199 3 1 1 4 4 2
[Move] 200 3 2 2 3 4 3
[Move] 201 3 3 2 4 4 1
[Move] 202 4 3 1 3 4 3
[Move] 203 4 4 2 3 3 0
[Move] 204 3 4 3 2 3 3
[Move] 205 4 4 1 3 3 1
[Move] 206 4 3 0 4 3 1
[Move] 207 3 3 3 4 4 2
[Move] 208 3 2 0 3 4 3
[Move] 209 4 2 1 3 3 0
[Move] 210 3 2 3 3 2 0
[Move] 211 3 3 2 2 2 3
[Move] 212 2 3 3 2 3 2
[Move] 213 2 4 2 2 2 0
[Move] 214 3 4 1 1 2 3
[Move] 215 3 3 0 1 3 2
[Move] 216 3 4 2 2 3 1
[Move] 217 2 4 3 3 3 1
[Move] 218 3 4 1 3 2 0
[Move] 219 4 4 1 4 2 1
[Move] 220 4 3 0 4 3 2
[Move] 221 4 4 2 3 3 3
[Move] 222 4 3 0 3 4 2
[Move] 223 3 3 3 4 4 1
[Move] 224 4 3 1 3 4 3
[Move] 225 4 4 2 4 4 1
[Move] 226 4 3 0 3 4 3
[Move] 227 3 3 3 4 4 1
[Move] 228 3 2 0 3 4 3
[Move] 229 3 3 2 3 3 0
[Move] 230 2 3 3 2 3 3
[Move] 231 2 2 0 1 3 3
[Move] 232 2 3 2 1 4 2
[Move] 233 1 3 3 2 4 1
[Move] 234 1 4 2 2 3 0
[Move] 235 2 4 1 3 3 1
[Move] 236 3 4 1 2 3 3
[Move] 237 3 3 0 1 3 3
[Move] 238 3 4 2 1 2 0
[Move] 239 4 4 1 1 3 2
[Move] 240 3 4 3 1 2 0
[Move] 241 4 4 1 2 2 1
[Move] 242 3 4 3 3 2 1
[Move] 243 2 4 3 3 1 0
[Move] 244 3 4 1 2 1 3
[Move] 245 4 4 1 1 1 3
[Move] 246 3 4 3 1 2 2
[Move] 247 3 3 0 2 2 1
[Move] 248 3 4 2 2 1 0
[Move] 249 3 3 0 1 1 3
[Move] 250 3 2 0 2 1 1
[Move] 251 2 2 3 2 2 2
[Move] 252 2 3 2 2 3 2
[Move] 253 1 3 3 2 4 2
[Move] 254 2 3 1 3 4 1
[Move] 255 1 3 3 2 4 3
[Move] 256 2 3 1 2 3 0
[Move] 257 2 2 0 3 3 1
[Move] 258 2 3 2 3 2 0
[Move] 259 2 2 0 3 1 0
[Move] 260 3 2 1 2 1 3
[Move] 261 3 1 0 3 1 1
[Move] 262 3 2 2 3 2 2
[Move] 263 3 3 2 4 2 1
[Move] 264 2 3 3 4 3 2
[Move] 265 1 3 3 4 4 2
[Move] 266 2 3 1 3 4 3
[Move] 267 3 3 1 3 3 0
[Move] 268 3 4 2 2 3 3
[Move] 269 3 3 0 2 4 2
[Move] 270 2 3 3 2 3 0
[Move] 271 2 4 2 2 4 2
[Move] 272 1 4 3 2 3 0
[Move] 273 1 3 0 1 3 3
[Move] 274 1 4 2 2 3 1
[Move] 275 2 4 1 1 3 3
[Move] 276 1 4 3 1 4 2
[Move] 277 1 3 0 1 3 0
[Move] 278 2 3 1 1 4 2
[Move] 279 2 4 2 2 4 1
[Move] 280 2 3 0 3 4 1
[Move] 281 2 4 2 4 4 1
[Move] 282 1 4 3 3 4 3
[Move] 283 2 4 1 3 3 0
[Move] 284 2 3 0 3 2 0
[Move] 285 3 3 1 4 2 1
[Move] 286 2 3 3 4 3 2
[Move] 287 2 4 2 3 3 3
[Move] 288 3 4 1 3 2 0
[Move] 289 4 4 1 4 2 1
[Move] 290 4 3 0 3 2 3
[Move] 291 3 3 3 3 3 2
[Move] 292 4 3 1 2 3 3
[Move] 293 3 3 3 2 4 2
[Move] 294 3 4 2 1 4 3
[Move] 295 4 4 1 1 3 0
[Move] 296 3 4 3 2 3 1
[Move] 297 3 3 0 3 3 1
[Move] 298 2 3 3 4 3 1
[Move] 299 3 3 1 4 2 0
[Move] 300 2 3 3 4 3 2
[Move] 301 1 3 3 4 2 0
[Move] 302 2 3 1 4 3 2
[Move] 303 3 3 1 3 3 3
[Move] 304 3 2 0 4 3 1
[Move] 305 2 2 3 3 3 3
[Move] 306 2 3 2 3 2 0
[Move] 307 2 2 0 4 2 1
[Move] 308 3 2 1 4 3 2
[Move] 309 3 1 0 4 4 2
[Move] 310 3 2 2 4 3 0
[Move] 311 2 2 3 4 2 0
[Move] 312 2 1 0 3 2 3
[Move] 313 1 1 3 3 1 0
[Move] 314 1 2 2 4 1 1
[Move] 315 1 1 0 4 2 2
[Move] 316 2 1 1 3 2 3
[Move] 317 1 1 3 3 3 2
[Move] 318 2 1 1 2 3 3
[Move] 319 3 1 1 1 3 3
[Move] 320 3 2 2 1 2 0
[Move] 321 2 2 3 2 2 1
[Move] 322 2 3 2 1 2 3
[Move] 323 2 2 0 1 1 0
[Move] 324 2 3 2 1 2 2
[Move] 325 2 2 0 1 3 2
[Move] 326 3 2 1 2 3 1
[Move] 327 3 1 0 3 3 1
[Move] 328 2 1 3 3 4 2
[Move] 329 3 1 1 2 4 3
[Move] 330 2 1 3 1 4 3
[Move] 331 3 1 1 1 3 0
[Move] 332 2 1 3 1 4 2
[Move] 333 1 1 3 2 4 1
[Move] 334 1 2 2 3 4 1
[Move] 335 1 1 0 2 4 3
[Move] 336 2 1 1 3 4 1
[Move] 337 2 2 2 3 3 0
[Move] 338 1 2 3 2 3 3
[Move] 339 1 3 2 3 3 1
[Move] 340 1 2 0 2 3 3
[Move] 341 2 2 1 2 2 0
[Move] 342 2 3 2 3 2 1
[Move] 343 2 4 2 3 3 2
[Move] 344 1 4 3 3 2 0
[Move] 345 1 3 0 2 2 3
[Move] 346 1 4 2 2 3 2
[Move] 347 2 4 1 1 3 3
[Move] 348 3 4 1 1 4 2
[Move] 349 3 3 0 2 4 1
[Move] 350 4 3 1 2 3 0
[Move] 351 4 2 0 2 4 2
[Move] 352 4 3 2 1 4 3
[Move] 353 4 2 0 1 3 0
[Move] 354 4 3 2 2 3 1
[Move] 355 4 2 0 2 2 0
[Move] 356 3 2 3 2 1 0
[Move] 357 2 2 3 3 1 1
[Move] 358 2 1 0 3 2 2
[Move] 359 2 2 2 2 2 3
[Move] 360 2 3 2 2 3 2
[Move] 361 2 4 2 2 2 0
[Move] 362 3 4 1 3 2 1
[Move] 363 2 4 3 4 2 1
[Move] 364 1 4 3 3 2 3
[Move] 365 2 4 1 3 1 0
[Move] 366 1 4 3 4 1 1
[Move] 367 1 3 0 4 2 2
[Move] 368 1 4 2 3 2 3
[Move] 369 2 4 1 2 2 3
[Move] 370 1 4 3 2 3 2
[Move] 371 1 3 0 1 3 3
[Move] 372 1 2 0 2 3 1
[Move] 373 1 3 2 2 2 0
[Move] 374 1 4 2 2 3 2
[Move] 375 2 4 1 1 3 3
[Move] 376 2 3 0 2 3 1
[Move] 377 3 3 1 2 2 0
[Move] 378 3 2 0 1 2 3
[Move] 379 4 2 1 1 3 2
[Move] 380 4 1 0 2 3 1
[Move] 381 4 2 2 2 2 0
[Move] 382 3 2 3 1 2 3
[Move] 383 2 2 3 1 1 0
[Move] 384 2 1 0 2 1 1
[Move] 385 3 1 1 2 2 2
[Move] 386 4 1 1 3 2 1
[Move] 387 4 2 2 4 2 1
[Move] 388 3 2 3 4 3 2
[Move] 389 3 3 2 3 3 3
[Move] 390 4 3 1 3 2 0
[Move] 391 4 4 2 2 2 3
[Move] 392 4 3 0 3 2 1
[Move] 393 4 4 2 3 1 0
[Move] 394 3 4 3 2 1 3
[Move] 395 2 4 3 1 1 3
[Move] 396 1 4 3 2 1 1
[Move] 397 1 3 0 2 2 2
[Move] 398 2 3 1 1 2 3
[Move] 399 2 4 2 2 2 1
[Move] 400 3 4 1 2 3 2
[Move] 401 3 3 0 2 2 0
[Move] 402 4 3 1 2 1 0
[Move] 403 4 4 2 1 1 3
[Move] 404 3 4 3 2 1 1
[Move] 405 3 3 0 1 1 3
[Move] 406 3 4 2 2 1 1
[Move] 407 4 4 1 3 1 1
[Move] 408 4 3 0 4 1 1
[Move] 409 3 3 3 3 1 3
[Move] 410 2 3 3 3 2 2
[Move] 411 2 2 0 3 3 2
[Move] 412 2 1 0 2 3 3
[Move] 413 1 1 3 3 3 1
[Move] 414 2 1 1 3 4 2
[Move] 415 3 1 1 4 4 1
[Move] 416 4 1 1 4 3 0
[Move] 417 4 2 2 4 4 2
[Move] 418 3 2 3 3 4 3
[Move] 419 3 1 0 2 4 3
[Move] 420 4 1 1 3 4 1
[Move] 421 4 2 2 4 4 1
[Move] 422 4 1 0 3 4 3
[Move] 423 3 1 3 2 4 3
[Move] 424 4 1 1 3 4 1
[Move] 425 3 1 3 3 3 0
[Move] 426 3 2 2 4 3 1
[Move] 427 2 2 3 4 4 2
[Move] 428 2 3 2 3 4 3
[Move] 429 1 3 3 3 3 0
[Move] 430 1 4 2 4 3 1
[Move] 431 1 3 0 4 2 0
[Move] 432 2 3 1 3 2 3
[Move] 433 2 2 0 4 2 1
[Move] 434 3 2 1 4 3 2
[Move] 435 3 1 0 4 4 2
[Move] 436 4 1 1 3 4 3
[Move] 437 4 2 2 2 4 3
[Move] 438 3 2 3 3 4 1
[Move] 439 2 2 3 3 3 0
[Move] 440 1 2 3 2 3 3
[Move] 441 1 3 2 2 4 2
[Move] 442 1 4 2 1 4 3
[Move] 443 2 4 1 1 3 0
[Move] 444 3 4 1 2 3 1
[Move] 445 2 4 3 1 3 3
[Move] 446 2 3 0 1 4 2
[Move] 447 3 3 1 2 4 1
[Move] 448 4 3 1 2 3 0
[Move] 449 3 3 3 2 4 2
[Move] 450 4 3 1 1 4 3
[Move] 451 4 2 0 2 4 1
[Move] 452 4 1 0 2 3 0
[Move] 453 3 1 3 2 4 2
[Move] 454 2 1 3 1 4 3
[Move] 455 2 2 2 1 3 0
[Move] 456 3 2 1 1 2 0
[Move] 457 3 3 2 2 2 1
[Move] 458 3 4 2 1 2 3
[Move] 459 2 4 3 1 1 0
[Move] 460 3 4 1 1 2 2
[Move] 461 3 3 0 2 2 1
[Move] 462 4 3 1 1 2 3
[Move] 463 4 4 2 1 3 2
[Move] 464 4 3 0 1 4 2
[Move] 465 4 4 2 2 4 1
[Move] 466 4 3 0 2 3 0
[Move] 467 3 3 3 3 3 1
[Move] 468 3 2 0 3 2 0
[Move] 469 3 3 2 3 3 2
[Move] 470 2 3 3 3 4 2
[Move] 471 2 4 2 4 4 1
[Move] 472 1 4 3 4 3 0
[Move] 473 2 4 1 4 2 0
[Move] 474 2 3 0 4 3 2
[Move] 475 3 3 1 4 2 0
[Move] 476 3 2 0 3 2 3
[Move] 477 2 2 3 3 1 0
[Move] 478 3 2 1 4 1 1
[Move] 479 2 2 3 4 2 2
[Move] 480 2 3 2 4 3 2
[Move] 481 1 3 3 4 2 0
[Move] 482 1 4 2 3 2 3
[Move] 483 1 3 0 2 2 3
[Move] 484 2 3 1 2 3 2
[Move] 485 3 3 1 3 3 1
[Move] 486 3 2 0 3 2 0
[Move] 487 2 2 3 3 3 2
[Move] 488 1 2 3 3 4 2
[Move] 489 1 1 0 2 4 3
[Move] 490 1 2 2 1 4 3
[Move] 491 1 1 0 2 4 1
[Move] 492 2 1 1 3 4 1
[Move] 493 3 1 1 4 4 1
[Move] 494 4 1 1 4 3 0
[Move] 495 3 1 3 4 4 2
[Move] 496 3 2 2 4 3 0
[Move] 497 4 2 1 4 2 0
[Move] 498 4 1 0 4 1 0
[Move] 499 3 1 3 4 2 2
[Move] 500 2 1 3 4 1 0
[Move] 501 2 2 2 3 1 3
[Move] 502 2 1 0 4 1 1
[Move] 503 3 1 1 4 2 2
[Move] 504 3 2 2 3 2 3
[Move] 505 4 2 1 3 1 0
[Move] 506 4 3 2 4 1 1
[Move] 507 3 3 3 3 1 3
[Move] 508 2 3 3 2 1 3
[Move] 509 1 3 3 1 1 3
[Move] 510 2 3 1 2 1 1
[Move] 511 1 3 3 3 1 1
[Move] 512 1 4 2 3 2 2
[Move] 513 2 4 1 3 3 2
[Move] 514 2 3 0 2 3 3
[Move] 515 1 3 3 2 2 0
[Move] 516 2 3 1 2 3 2
[Move] 517 2 2 0 1 3 3
[Move] 518 3 2 1 1 2 0
[Move] 519 3 1 0 1 3 2
[Move] 520 2 1 3 2 3 1
[Move] 521 2 2 2 3 3 1
[Move] 522 1 2 3 3 2 0
[Move] 523 1 3 2 4 2 1
[Move] 524 1 4 2 4 3 2
[Move] 525 2 4 1 4 2 0
[Move] 526 3 4 1 4 1 0
[Move] 527 3 3 0 3 1 3
[Move] 528 2 3 3 4 1 1
[Move] 529 1 3 3 4 2 2
[Move] 530 1 2 0 4 3 2
[Move] 531 1 1 0 3 3 3
[Move] 532 2 1 1 3 2 0
[Move] 533 2 2 2 3 3 2
[Move] 534 2 1 0 3 4 2
[Move] 535 3 1 1 4 4 1
[Move] 536 2 1 3 4 3 0
[Move] 537 3 1 1 4 2 0
[Move] 538 4 1 1 4 3 2
[Move] 539 4 2 2 3 3 3
[Move] 540 4 3 2 3 4 2
[Move] 541 3 3 3 2 4 3
[Move] 542 3 4 2 1 4 3
[Move] 543 2 4 3 1 3 0
[Move] 544 2 3 0 1 4 2
[Move] 545 2 2 0 2 4 1
[Move] 546 2 3 2 1 4 3
[Move] 547 1 3 3 1 3 0
[Move] 548 1 4 2 2 3 1
[Move] 549 1 3 0 2 4 2
[Move] 550 1 4 2 3 4 1
[Move] 551 2 4 1 3 3 0
[Move] 552 2 3 0 4 3 1
[Move] 553 3 3 1 4 4 2
[Move] 554 2 3 3 3 4 3
[Move] 555 1 3 3 3 3 0
[Move] 556 1 2 0 3 4 2
[Move] 557 2 2 1 4 4 1
[Move] 558 2 3 2 4 3 0
[Move] 559 3 3 1 4 4 2
[Move] 560 3 4 2 3 4 3
[Move] 561 3 3 0 4 4 1
[Move] 562 3 4 2 3 4 3
[Move] 563 2 4 3 3 3 0
[Move] 564 2 3 0 3 2 0
[Move] 565 1 3 3 4 2 1
[Move] 566 1 2 0 4 1 0
[Move] 567 1 1 0 3 1 3
[Move] 568 1 2 2 3 2 2
[Move] 569 2 2 1 4 2 1
[Move] 570 2 1 0 4 1 0
[Move] 571 1 1 3 3 1 3
[Move] 572 1 2 2 4 1 1
[Move] 573 2 2 1 4 2 2
[Move] 574 3 2 1 4 1 0
[Move] 575 3 1 0 4 2 2
[Move] 576 4 1 1 4 1 0
[Move] 577 3 1 3 3 1 3
[Move] 578 2 1 3 3 2 2
[Move] 579 3 1 1 3 3 2
[Move] 580 3 2 2 3 4 2
[Move] 581 4 2 1 4 4 1
[Move] 582 4 3 2 3 4 3
[Move] 583 3 3 3 3 3 0
[Move] 584 3 2 0 3 2 0
[Move] 585 3 3 2 2 2 3
[Move] 586 3 4 2 2 3 2
[Move] 587 4 4 1 2 2 0
[Move] 588 4 3 0 3 2 1
[Move] 589 4 4 2 3 1 0
[Move] 590 3 4 3 4 1 1
[Move] 591 2 4 3 3 1 3
[Move] 592 3 4 1 3 2 2
[Move] 593 4 4 1 4 2 1
[Move] 594 4 3 0 4 3 2
[Move] 595 3 3 3 4 4 2
[Move] 596 2 3 3 4 3 0
[Move] 597 1 3 3 3 3 3
[Move] 598 2 3 1 2 3 3
[Move] 599 2 2 0 2 4 2
[Move] 600 2 3 2 3 4 1
[Move] 601 3 3 1 3 3 0
[Move] 602 3 2 0 4 3 1
[Move] 603 4 2 1 3 3 3
[Move] 604 4 1 0 3 2 0
[Move] 605 3 1 3 3 3 2
[Move] 606 4 1 1 4 3 1
[Move] 607 4 2 2 4 4 2
[Move] 608 3 2 3 4 3 0
[Move] 609 3 1 0 4 2 0
[Move] 610 3 2 2 4 3 2
[Move] 611 3 3 2 4 4 2
[Move] 612 3 2 0 3 4 3
[Move] 613 2 2 3 4 4 1
[Move] 614 2 3 2 3 4 3
[Move] 615 2 2 0 4 4 1
[Move] 616 2 3 2 3 4 3
[Move] 617 1 3 3 4 4 1
[Move] 618 1 4 2 4 3 0
[Move] 619 1 3 0 3 3 3
[Move] 620 2 3 1 3 4 2
[Move] 621 1 3 3 3 3 0
[Move] 622 1 2 0 4 3 1
[Move] 623 2 2 1 4 4 2
[Move] 624 2 1 0 4 3 0
[Move] 625 2 2 2 4 4 2
[Move] 626 1 2 3 3 4 3
[Move] 627 2 2 1 4 4 1
[Move] 628 1 2 3 4 3 0
[Move] 629 1 1 0 4 4 2
[Move] 630 1 2 2 3 4 3
[Move] 631 1 3 2 3 3 0
[Move] 632 2 3 1 4 3 1
[Move] 633 3 3 1 4 2 0
[Move] 634 2 3 3 4 1 0
[Move] 635 3 3 1 3 1 3
[Move] 636 3 2 0 4 1 1
[Move] 637 3 1 0 4 2 2
[Move] 638 4 1 1 4 1 0
[Move] 639 3 1 3 4 2 2
[Move] 640 3 2 2 3 2 3
[Move] 641 2 2 3 2 2 3
[Move] 642 2 1 0 3 2 1
[Move] 643 1 1 3 4 2 1
[Move] 644 2 1 1 4 1 0
[Move] 645 2 2 2 3 1 3
[Move] 646 2 1 0 3 2 2
[Move] 647 2 2 2 3 3 2
[Move] 648 3 2 1 2 3 3
[Move] 649 4 2 1 3 3 1
[Move] 650 4 3 2 3 2 0
[Move] 651 4 4 2 3 3 2
[Move] 652 4 3 0 4 3 1
[Move] 653 3 3 3 3 3 3
[Move] 654 3 4 2 3 4 2
[Move] 655 2 4 3 2 4 3
[Move] 656 1 4 3 2 3 0
[Move] 657 1 3 0 1 3 3
[Move] 658 2 3 1 1 2 0
[Move] 659 2 2 0 1 3 2
[Move] 660 3 2 1 2 3 1
[Move] 661 3 3 2 2 4 2
[Move] 662 3 4 2 1 4 3
[Move] 663 2 4 3 2 4 1
[Move] 664 2 3 0 2 3 0
[Move] 665 3 3 1 2 4 2
[Move] 666 2 3 3 1 4 3
[Move] 667 2 4 2 1 3 0
[Move] 668 1 4 3 1 2 0
[Move] 669 1 3 0 2 2 1
[Move] 670 1 4 2 2 3 2
[Move] 671 2 4 1 2 2 0
[Move] 672 1 4 3 2 1 0
[Move] 673 1 3 0 2 2 2
[Move] 674 2 3 1 3 2 1
[Move] 675 2 4 2 3 3 2
[Move] 676 3 4 1 4 3 1
[Move] 677 3 3 0 4 2 0
[Move] 678 4 3 1 3 2 3
[Move] 679 4 4 2 3 1 0
[Move] 680 3 4 3 4 1 1
[Move] 681 2 4 3 4 2 2
[Move] 682 1 4 3 4 1 0
[Move] 683 2 4 1 3 1 3
[Move] 684 2 3 0 2 1 3
[Move] 685 2 2 0 2 2 2
[Move] 686 1 2 3 3 2 1
[Move] 687 1 3 2 3 3 2
[Move] 688 2 3 1 2 3 3
[Move] 689 2 4 2 2 4 2
[Move] 690 1 4 3 1 4 3
[Move] 691 1 3 0 1 3 0
[Move] 692 1 4 2 2 3 1
[Move] 693 2 4 1 3 3 1
[Move] 694 3 4 1 3 4 2
[Move] 695 4 4 1 4 4 1
[Move] 696 3 4 3 4 3 0
[Move] 697 4 4 1 3 3 3
[Move] 698 4 3 0 3 2 0
[Move] 699 4 2 0 4 2 1
[Move] 700 4 3 2 3 2 3
[Move] 701 3 3 3 4 2 1
[Move] 702 3 2 0 4 1 0
[Move] 703 3 3 2 4 2 2
[Move] 704 3 4 2 4 1 0
[Move] 705 4 4 1 3 1 3
[Move] 706 4 3 0 3 2 2
[Move] 707 3 3 3 4 2 1
[Move] 708 3 2 0 4 3 2
[Move] 709 4 2 1 4 4 2
[Move] 710 4 3 2 3 4 3
[Move] 711 4 2 0 3 3 0
[Move] 712 4 3 2 4 3 1
[Move] 713 4 4 2 4 4 2
[Move] 714 3 4 3 4 3 0
[Move] 715 3 3 0 4 4 2
[Move] 716 2 3 3 3 4 3
[Move] 717 2 4 2 3 3 0
[Move] 718 3 4 1 2 3 3
[Move] 719 3 3 0 1 3 3
[Move] 720 4 3 1 1 2 0
[Move] 721 3 3 3 1 1 0
[Move] 722 3 4 2 2 1 1
[Move] 723 3 3 0 3 1 1
[Move] 724 2 3 3 3 2 2
[Move] 725 2 4 2 3 3 2
[Move] 726 2 3 0 2 3 3
[Move] 727 1 3 3 2 2 0
[Move] 728 1 2 0 2 1 0
[Move] 729 1 3 2 1 1 3
[Move] 730 1 4 2 1 2 2
[Move] 731 1 3 0 2 2 1
[Move] 732 2 3 1 1 2 3
[Move] 733 2 4 2 1 3 2
[Move] 734 2 3 0 2 3 1
[Move] 735 3 3 1 2 4 2
[Move] 736 3 4 2 3 4 1
[Move] 737 2 4 3 3 3 0
[Move] 738 3 4 1 2 3 3
[Move] 739 3 3 0 3 3 1
[Move] 740 3 2 0 3 2 0
[Move] 741 3 1 0 3 1 0
[Move] 742 3 2 2 3 2 2
[Move] 743 3 1 0 3 1 0
[Move] 744 4 1 1 4 1 1
[Move] 745 4 2 2 4 2 2
[Move] 746 4 3 2 3 2 3
[Move] 747 3 3 3 4 2 1
[Move] 748 3 4 2 4 3 2
[Move] 749 2 4 3 4 2 0
[Move] 750 2 3 0 3 2 3
[Move] 751 2 4 2 3 3 2
[Move] 752 3 4 1 4 3 1
[Move] 753 4 4 1 4 2 0
[Move] 754 4 3 0 4 3 2
[Move] 755 4 4 2 4 4 2
[Move] 756 3 4 3 3 4 3
[Move] 757 3 3 0 2 4 3
[Move] 758 2 3 3 2 3 0
[Move] 759 1 3 3 2 2 0
[Move] 760 1 4 2 2 1 0
[Move] 761 1 3 0 1 1 3
[Move] 762 2 3 1 1 2 2
[Move] 763 2 2 0 2 2 1
[Move] 764 3 2 1 2 3 2
[Move] 765 3 3 2 2 2 0
[Move] 766 4 3 1 2 1 0
[Move] 767 3 3 3 1 1 3
[Move] 768 3 4 2 2 1 1
[Move] 769 4 4 1 2 2 2
[Move] 770 4 3 0 3 2 1
[Move] 771 3 3 3 3 3 2
[Move] 772 3 4 2 2 3 3
[Move] 773 4 4 1 1 3 3
[Move] 774 4 3 0 1 2 0
[Move] 775 4 4 2 1 1 0
[Move] 776 3 4 3 2 1 1
[Move] 777 3 3 0 3 1 1
[Move] 778 4 3 1 2 1 3
[Move] 779 4 4 2 3 1 1
[Move] 780 3 4 3 4 1 1
[Move] 781 2 4 3 4 2 2
[Move] 782 1 4 3 3 2 3
[Move] 783 1 3 0 3 3 2
[Move] 784 2 3 1 2 3 3
[Move] 785 3 3 1 3 3 1
[Move] 786 3 4 2 2 3 3
[Move] 787 2 4 3 3 3 1
[Move] 788 2 3 0 3 2 0
[Move] 789 2 2 0 2 2 3
[Move] 790 2 3 2 2 3 2
[Move] 791 2 2 0 1 3 3
[Move] 792 3 2 1 1 2 0
[Move] 793 2 2 3 2 2 1
[Move] 794 1 2 3 1 2 3
[Move] 795 1 1 0 1 3 2
[Move] 796 2 1 1 2 3 1
[Move] 797 1 1 3 1 3 3
[Move] 798 1 2 2 1 2 0
[Move] 799 2 2 1 1 1 0
[Move] 800 3 2 1 2 1 1
[Move] 801 3 3 2 1 1 3
[Move] 802 4 3 1 1 2 2
[Move] 803 3 3 3 2 2 1
[Move] 804 3 2 0 1 2 3
[Move] 805 4 2 1 1 3 2
[Move] 806 4 3 2 2 3 1
[Move] 807 3 3 3 2 4 2
[Move] 808 4 3 1 3 4 1
[Move] 809 4 4 2 2 4 3
[Move] 810 3 4 3 3 4 1
[Move] 811 4 4 1 3 3 0
[Move] 812 3 4 3 3 4 2
[Move] 813 2 4 3 2 4 3
[Move] 814 2 3 0 1 4 3
[Move] 815 1 3 3 2 4 1
[Move] 816 1 4 2 3 4 1
[Move] 817 2 4 1 3 3 0
[Move] 818 3 4 1 4 3 1
[Move] 819 3 3 0 3 3 3
[Move] 820 2 3 3 4 3 1
[Move] 821 2 4 2 4 4 2
[Move] 822 2 3 0 4 3 0
[Move] 823 1 3 3 3 3 3
[Move] 824 1 2 0 2 3 3
[Move] 825 2 2 1 1 3 3
[Move] 826 2 3 2 2 3 1
[Move] 827 3 3 1 1 3 3
[Move] 828 4 3 1 1 2 0
[Move] 829 4 4 2 1 1 0
[Move] 830 4 3 0 2 1 1
[Move] 831 3 3 3 1 1 3
[Move] 832 3 4 2 1 2 2
[Move] 833 4 4 1 1 1 0
[Move] 834 3 4 3 2 1 1
[Move] 835 3 3 0 2 2 2
[Move] 836 4 3 1 3 2 1
[Move] 837 4 2 0 2 2 3
[Move] 838 3 2 3 2 1 0
[Move] 839 3 3 2 3 1 1
[Move] 840 2 3 3 4 1 1
[Move] 841 2 4 2 4 2 2
[Move] 842 2 3 0 3 2 3
[Move] 843 2 2 0 4 2 1
[Move] 844 3 2 1 4 1 0
[Move] 845 3 1 0 3 1 3
[Move] 846 4 1 1 3 2 2
[Move] 847 4 2 2 2 2 3
[Move] 848 4 1 0 3 2 1
[Move] 849 3 1 3 3 3 2
[Move] 850 3 2 2 3 4 2
[Move] 851 4 2 1 4 4 1
[Move] 852 4 1 0 3 4 3
[Move] 853 3 1 3 2 4 3
[Move] 854 4 1 1 1 4 3
[Move] 855 3 1 3 2 4 1
[Move] 856 2 1 3 3 4 1
[Move] 857 3 1 1 4 4 1
[Move] 858 2 1 3 3 4 3
[Move] 859 2 2 2 2 4 3
[Move] 860 3 2 1 3 4 1
[Move] 861 3 1 0 3 3 0
[Move] 862 4 1 1 3 2 0
[Move] 863 4 2 2 2 2 3
[Move] 864 4 1 0 1 2 3
[Move] 865 3 1 3 2 2 1
[Move] 866 2 1 3 2 3 2
[Move] 867 2 2 2 1 3 3
[Move] 868 3 2 1 2 3 1
[Move] 869 3 1 0 2 2 0
[Move] 870 4 1 1 3 2 1
[Move] 871 4 2 2 3 1 0
[Move] 872 3 2 3 2 1 3
[Move] 873 2 2 3 1 1 3
[Move] 874 3 2 1 1 2 2
[Move] 875 3 3 2 1 3 2
[Move] 876 3 2 0 2 3 1
[Move] 877 2 2 3 2 4 2
[Move] 878 2 1 0 3 4 1
[Move] 879 2 2 2 3 3 0
[Move] 880 1 2 3 3 2 0
[Move] 881 1 3 2 4 2 1
[Move] 882 1 2 0 4 3 2
[Move] 883 2 2 1 4 4 2
[Move] 884 3 2 1 4 3 0
[Move] 885 3 3 2 4 2 0
[Move] 886 4 3 1 3 2 3
[Move] 887 4 2 0 4 2 1
[Move] 888 4 1 0 3 2 3
[Move] 889 3 1 3 3 1 0
[Move] 890 3 2 2 2 1 3
[Move] 891 2 2 3 2 2 2
[Move] 892 2 1 0 1 2 3
[Move] 893 3 1 1 1 1 0
[Move] 894 3 2 2 1 2 2
[Move] 895 3 3 2 1 1 0
[Move] 896 3 2 0 2 1 1
[Move] 897 3 3 2 2 2 2
[Move] 898 2 3 3 3 2 1
[Move] 899 3 3 1 3 3 2
[Move] 900 4 3 1 2 3 3
[Move] 901 4 4 2 2 2 0
[Move] 902 3 4 3 1 2 3
[Move] 903 3 3 0 1 3 2
[Move] 904 3 4 2 2 3 1
[Move] 905 4 4 1 3 3 1
[Move] 906 4 3 0 2 3 3
[Move] 907 3 3 3 2 4 2
[Move] 908 4 3 1 2 3 0
[Move] 909 4 4 2 1 3 3
[Move] 910 3 4 3 1 4 2
[Move] 911 2 4 3 2 4 1
[Move] 912 3 4 1 3 4 1
[Move] 913 4 4 1 3 3 0
[Move] 914 3 4 3 4 3 1
[Move] 915 3 3 0 3 3 3
[Move] 916 2 3 3 3 2 0
[Move] 917 2 4 2 4 2 1
[Move] 918 3 4 1 4 1 0
[Move] 919 3 3 0 4 2 2
[Move] 920 4 3 1 4 3 2
[Move] 921 3 3 3 3 3 3
[Move] 922 4 3 1 3 2 0
[Move] 923 3 3 3 2 2 3
[Move] 924 2 3 3 3 2 1
[Move] 925 2 2 0 2 2 3
[Move] 926 3 2 1 2 1 0
[Move] 927 3 1 0 1 1 3
[Move] 928 3 2 2 1 2 2
[Move] 929 2 2 3 2 2 1
[Move] 930 2 3 2 1 2 3
[Move] 931 2 4 2 1 1 0
[Move] 932 1 4 3 1 2 2
[Move] 933 2 4 1 1 1 0
[Move] 934 1 4 3 1 2 2
[Move] 935 2 4 1 1 3 2
[Move] 936 2 3 0 1 4 2
[Move] 937 2 2 0 2 4 1
[Move] 938 3 2 1 1 4 3
[Move] 939 3 1 0 2 4 1
[Move] 940 2 1 3 2 3 0
[Move] 941 1 1 3 1 3 3
[Move] 942 2 1 1 1 4 2
[Move] 943 1 1 3 2 4 1
[Move] 944 2 1 1 2 3 0
[Move] 945 2 2 2 2 2 0
[Move] 946 3 2 1 2 3 2
[Move] 947 3 1 0 2 4 2
[Move] 948 2 1 3 2 3 0
[Move] 949 2 2 2 2 2 0
[Move] 950 3 2 1 2 1 0
[Move] 951 2 2 3 2 2 2
[Move] 952 2 3 2 3 2 1
[Move] 953 3 3 1 3 3 2
[Move] 954 2 3 3 2 3 3
[Move] 955 2 2 0 3 3 1
[Move] 956 3 2 1 3 2 0
[Move] 957 3 3 2 2 2 3
[Move] 958 3 4 2 3 2 1
[Move] 959 2 4 3 3 3 2
[Move] 960 3 4 1 3 4 2
[Move] 961 3 3 0 2 4 3
[Move] 962 3 2 0 2 3 0
[Move] 963 3 3 2 2 2 0
[Move] 964 2 3 3 3 2 1
[Move] 965 3 3 1 3 1 0
[Move] 966 4 3 1 4 1 1
[Move] 967 4 4 2 3 1 3
[Move] 968 3 4 3 2 1 3
[Move] 969 4 4 1 2 2 2
[Move] 970 4 3 0 2 3 2
[Move] 971 3 3 3 3 3 1
[Move] 972 3 4 2 3 4 2
[Move] 973 3 3 0 3 3 0
[Move] 974 3 4 2 4 3 1
[Move] 975 4 4 1 4 2 0
[Move] 976 3 4 3 3 2 3
[Move] 977 4 4 1 4 2 1
[Move] 978 4 3 0 4 3 2
[Move] 979 4 4 2 4 2 0
[Move] 980 4 3 0 4 3 2
[Move] 981 4 4 2 3 3 3
[Move] 982 3 4 3 4 3 1
[Move] 983 4 4 1 3 3 3
[Move] 984 4 3 0 2 3 3
[Move] 985 3 3 3 2 2 0
[Move] 986 4 3 1 1 2 3
[Move] 987 4 2 0 1 3 2
[Move] 988 3 2 3 2 3 1
[Move] 989 3 1 0 2 2 0
[Move] 990 4 1 1 2 3 2
[Move] 991 4 2 2 2 4 2
[Move] 992 3 2 3 1 4 3
[Move] 993 2 2 3 1 3 0
[Move] 994 3 2 1 2 3 1
[Move] 995 3 1 0 2 4 2
[Move] 996 3 2 2 3 4 1
[Move] 997 2 2 3 4 4 1
[Move] 998 2 3 2 3 4 3
[Move] 999 2 2 0 4 4 1
[Move] 1000 3 2 1 3 4 3
